2 0.10826000000000001 0.72282 0.12852000000000002 0.13141999999999998
2 0.43194 0.51658 0.07518000000000001 0.08194
2 0.59924 0.36348 0.06404 0.06336
1 0.36472000000000004 0.38424 0.08298 0.07476000000000001
1 0.69372 0.47636 0.04934 0.0596
0 0.3504 0.18034 0.07794 0.08228
3 0.53724 0.20628 0.05708 0.05674
3 0.59682 0.5722999999999999 0.053399999999999996 0.052399999999999995
3 0.8178799999999999 0.6691 0.123 0.11716
0 0.22022 0.48236 0.07006 0.06964000000000001
1 0.3788 0.74522 0.13056 0.12184
0 0.62126 0.7133400000000001 0.0664 0.09056