3 0.7339428571428571 0.7193999999999999 0.09988571428571429 0.11294
3 0.5114428571428571 0.18619999999999998 0.04535714285714286 0.05986
3 0.26301428571428576 0.48746 0.06087142857142857 0.07572
2 0.4625285714285714 0.7434 0.09038571428571429 0.13694
2 0.6501285714285714 0.33882 0.06187142857142858 0.07712000000000001
2 0.2092 0.22886 0.0485 0.059840000000000004
1 0.3387142857142857 0.18686000000000003 0.06372857142857143 0.10918000000000001
1 0.5984428571428572 0.52944 0.089 0.11436
1 0.7763142857142856 0.49212 0.060828571428571426 0.07972
0 0.21015714285714288 0.71208 0.059928571428571435 0.07429999999999999
0 0.39109999999999995 0.36613999999999997 0.08467142857142858 0.12644
0 0.8563142857142857 0.3495 0.045585714285714285 0.06112