1 0.2253857142857143 0.21084 0.09040000000000001 0.1305
1 0.5044285714285714 0.43814 0.061799999999999994 0.07574
1 0.7058428571428571 0.7240800000000001 0.0875 0.13028
2 0.6815571428571429 0.19818 0.09607142857142857 0.12918000000000002
2 0.4339571428571428 0.3235 0.05038571428571429 0.07312
2 0.15872857142857144 0.7094 0.06374285714285714 0.09564
3 0.22587142857142858 0.38280000000000003 0.08944285714285714 0.14642
3 0.5544285714285715 0.61142 0.07608571428571428 0.097
3 0.5830000000000001 0.26883999999999997 0.041800000000000004 0.06516
0 0.3711 0.7074 0.08657142857142858 0.13162000000000001
0 0.34252857142857146 0.4868 0.056100000000000004 0.08506
0 0.7201285714285713 0.4868 0.07227142857142857 0.09572