2 0.17394 0.4719 0.10576 0.11238
2 0.7728400000000001 0.46814 0.0756 0.06738
2 0.47292 0.78242 0.06784 0.06372
1 0.39398 0.57524 0.12292 0.11698
0 0.27777999999999997 0.37192000000000003 0.05104 0.051840000000000004
1 0.15694 0.27354 0.04494 0.046380000000000005
3 0.45792 0.35634 0.09806000000000001 0.09902
0 0.69792 0.31880000000000003 0.045899999999999996 0.047020000000000006
3 0.62346 0.11066 0.05552 0.04734
0 0.5897 0.5909800000000001 0.09956 0.11464
1 0.7992 0.7382799999999999 0.10490000000000001 0.12440000000000001
3 0.06118 0.7347 0.12237999999999999 0.1231