2 0.29896 0.26177999999999996 0.0658 0.07601999999999999
2 0.44564 0.53484 0.05802 0.060579999999999995
2 0.41856 0.7855800000000001 0.10357999999999999 0.1107
1 0.56296 0.64242 0.07126 0.05944
1 0.2072 0.68574 0.09112 0.11206
0 0.16363999999999998 0.51738 0.10002 0.08602
3 0.45552 0.42163999999999996 0.08086 0.07484
1 0.7077 0.25384 0.06644 0.05264
0 0.70236 0.40752 0.08778 0.08792
3 0.7992999999999999 0.5694600000000001 0.06118 0.0545
0 0.6619400000000001 0.73926 0.06096 0.07246
3 0.89442 0.7537200000000001 0.06348 0.0676