2 0.5547000000000001 0.60268 0.08889999999999999 0.12994
2 0.4311857142857143 0.29372000000000004 0.04402857142857143 0.08209999999999999
2 0.5772142857142857 0.20404 0.03938571428571429 0.06495999999999999
1 0.2691857142857143 0.5604 0.0474 0.055619999999999996
1 0.3950571428571429 0.74012 0.08627142857142857 0.14096
1 0.7353428571428572 0.29064 0.06551428571428572 0.09566
0 0.7144428571428572 0.6442599999999999 0.08402857142857142 0.11062000000000001
0 0.21254285714285714 0.7045 0.040614285714285714 0.06712
3 0.18784285714285714 0.37632 0.05814285714285715 0.08498
3 0.4158285714285714 0.45264 0.06698571428571429 0.10462
3 0.6221428571428571 0.38174 0.060442857142857145 0.0733
0 0.3056714285714286 0.2048 0.056299999999999996 0.07271999999999999