0 0.33552 0.2487090909090909 0.07016 0.09249090909090908
0 0.3618533333333333 0.49965454545454546 0.08550666666666666 0.11316363636363637
0 0.58592 0.4244 0.03848 0.05167272727272727
1 0.44210666666666665 0.42916363636363636 0.10066666666666667 0.11527272727272728
1 0.65568 0.4963454545454546 0.05053333333333333 0.06094545454545455
1 0.46057333333333333 0.25294545454545453 0.05830666666666666 0.09249090909090908
2 0.47456000000000004 0.14243636363636364 0.054413333333333334 0.06863636363636363
3 0.6064133333333334 0.2624909090909091 0.09269333333333332 0.11369090909090909
2 0.6842533333333334 0.37074545454545454 0.043919999999999994 0.05565454545454546
3 0.5761999999999999 0.5954545454545455 0.08434666666666667 0.10652727272727273
3 0.3165733333333333 0.7094 0.05946666666666667 0.07578181818181819
2 0.45289333333333337 0.7985818181818183 0.08570666666666667 0.1311818181818182