0 0.44792 0.5344909090909091 0.04922666666666667 0.06149090909090909
0 0.6293066666666667 0.5204000000000001 0.07133333333333333 0.0882
0 0.5924666666666667 0.17272727272727273 0.08750666666666666 0.1171090909090909
1 0.5299466666666667 0.6220545454545454 0.04149333333333333 0.058399999999999994
1 0.29012 0.7066363636363636 0.07694666666666666 0.10189090909090909
1 0.6404533333333333 0.31298181818181814 0.07941333333333334 0.10021818181818182
2 0.44433333333333336 0.18867272727272727 0.07861333333333334 0.10881818181818181
2 0.5460533333333334 0.3497272727272727 0.04144 0.057236363636363634
2 0.4797066666666666 0.7724909090909091 0.07443999999999999 0.10247272727272727
3 0.43048000000000003 0.35623636363636363 0.07826666666666666 0.11318181818181818
3 0.30465333333333333 0.4641818181818182 0.0378 0.058800000000000005
3 0.31654666666666664 0.24196363636363638 0.07546666666666667 0.10774545454545455