1 0.24532857142857142 0.32538 0.05942857142857143 0.07443999999999999
0 0.3685857142857143 0.46032 0.05671428571428572 0.07442
0 0.1357857142857143 0.6129 0.08305714285714286 0.10062
1 0.6589285714285714 0.65622 0.09281428571428571 0.12114
0 0.6559428571428572 0.13344 0.08684285714285714 0.11848
1 0.45165714285714287 0.12946000000000002 0.05348571428571428 0.06262
2 0.31702857142857144 0.1399 0.07098571428571428 0.09642
2 0.5277571428571428 0.3405 0.0877 0.1331
2 0.2746 0.65366 0.05107142857142857 0.06812
3 0.4716714285714286 0.62782 0.04415714285714286 0.062439999999999996
3 0.7180857142857143 0.4492 0.08792857142857143 0.10796
3 0.17172857142857142 0.14953999999999998 0.09251428571428572 0.11631999999999999