0 0.4584857142857143 0.20614 0.06448571428571429 0.07690000000000001
1 0.5947857142857144 0.29556 0.05394285714285714 0.07722
2 0.7336285714285714 0.19213999999999998 0.05701428571428571 0.08166
3 0.7379857142857144 0.5039399999999999 0.07477142857142857 0.09268000000000001
2 0.5358 0.44772 0.07351428571428571 0.08846
1 0.3345 0.38656 0.07804285714285715 0.11445999999999999
2 0.1936857142857143 0.43486 0.08255714285714286 0.11416
0 0.22870000000000001 0.70792 0.07377142857142857 0.10356
3 0.41118571428571427 0.66872 0.09034285714285714 0.15028
3 0.1805 0.23586000000000001 0.04217142857142857 0.0531
0 0.5943571428571429 0.62806 0.04141428571428571 0.05368
1 0.7663428571428572 0.73764 0.06197142857142857 0.09029999999999999