1 0.24486000000000002 0.42310000000000003 0.05052 0.0513
1 0.54026 0.34334 0.05258 0.044340000000000004
0 0.40094 0.33226 0.054380000000000005 0.048960000000000004
0 0.70226 0.2932 0.0745 0.07604000000000001
2 0.63874 0.4106 0.06884 0.06384000000000001
3 0.79796 0.53254 0.10054 0.10696
2 0.56968 0.1477 0.05465999999999999 0.05258
1 0.38836000000000004 0.08914 0.07504000000000001 0.07568000000000001
0 0.3365 0.17565999999999998 0.08222 0.06262
2 0.27232 0.26794 0.0922 0.0828
3 0.51398 0.24734 0.05578 0.05704
1 0.42860000000000004 0.50444 0.0536 0.0505