2 0.22144 0.38418 0.08929999999999999 0.1005
2 0.49372000000000005 0.40394 0.05002 0.0514
2 0.81612 0.75502 0.11558 0.12312000000000001
1 0.603 0.7716799999999999 0.08588 0.09342
0 0.10804000000000001 0.73948 0.12836 0.13316
0 0.44186000000000003 0.6057400000000001 0.08612 0.09594
0 0.7034 0.5145 0.0747 0.07332
3 0.65816 0.39242 0.08656 0.08588
1 0.71266 0.2329 0.08678 0.07994
3 0.42826 0.25701999999999997 0.06408 0.05674
1 0.28814 0.21353999999999998 0.056240000000000005 0.055920000000000004
3 0.232 0.5237999999999999 0.11584 0.1077