1 0.5908571428571429 0.60466 0.04534285714285714 0.05768
1 0.19360000000000002 0.44232 0.05355714285714286 0.07492
1 0.5244857142857142 0.22168000000000002 0.046799999999999994 0.06074
0 0.26152857142857144 0.22368000000000002 0.053714285714285714 0.0846
0 0.3365571428571429 0.48388 0.08218571428571429 0.13224
0 0.7056571428571429 0.44627999999999995 0.04577142857142857 0.06692000000000001
2 0.5253857142857142 0.4035 0.06570000000000001 0.0993
2 0.20187142857142856 0.7637 0.059442857142857145 0.09002
2 0.7332571428571428 0.68736 0.08041428571428572 0.101
3 0.4255285714285714 0.68088 0.06491428571428572 0.10382
3 0.3726 0.26508 0.05728571428571429 0.07622
3 0.6343285714285714 0.27224 0.0443 0.0595