1 0.18522857142857144 0.5879 0.08257142857142857 0.11086
2 0.32582857142857147 0.61788 0.059171428571428576 0.07754000000000001
3 0.5034 0.62924 0.08167142857142858 0.12518
1 0.6769714285714286 0.64538 0.04372857142857143 0.063
0 0.8161142857142857 0.6396000000000001 0.05252857142857143 0.07772
2 0.7848285714285714 0.38068 0.046457142857142864 0.05768
3 0.6509571428571429 0.36092 0.046457142857142864 0.06804
2 0.49448571428571425 0.36119999999999997 0.08994285714285714 0.13069999999999998
3 0.2595142857142857 0.31544 0.06417142857142857 0.08054
0 0.3467 0.17016 0.08645714285714286 0.13198
0 0.5718428571428572 0.12484 0.08035714285714286 0.11678
1 0.7467857142857143 0.14614 0.07555714285714286 0.09244