2 0.31633999999999995 0.2205 0.06645999999999999 0.060520000000000004
2 0.7309 0.28126 0.10598 0.09314
2 0.50002 0.53598 0.0504 0.05312
1 0.35834 0.44222 0.05262 0.05138
3 0.40068 0.3502 0.07798000000000001 0.08178
0 0.27682 0.29782 0.06545999999999999 0.05904
0 0.55222 0.26912 0.07866 0.08992
0 0.71386 0.42332 0.08376 0.08276
3 0.7288 0.5682200000000001 0.11166 0.12154000000000001
1 0.36008 0.14044 0.060039999999999996 0.0704
3 0.5156000000000001 0.1197 0.04102 0.0378
1 0.6637000000000001 0.1512 0.07536 0.08004