2 0.26927999999999996 0.47098 0.10474 0.0852
2 0.41492 0.09931999999999999 0.03928 0.03656
2 0.69056 0.15384 0.06614 0.06722
0 0.5525800000000001 0.19136 0.0755 0.0814
3 0.34818 0.18242 0.07152 0.06352000000000001
1 0.40192 0.24596 0.059539999999999996 0.0545
0 0.30313999999999997 0.337 0.06681999999999999 0.06648
3 0.49782 0.33908 0.04722 0.04356
0 0.4722 0.46266 0.055020000000000006 0.05468
1 0.6496000000000001 0.52064 0.07238 0.07064
3 0.6337999999999999 0.39366 0.10744 0.09892000000000001
1 0.69986 0.26688 0.09304000000000001 0.08106000000000001