1 0.20762857142857144 0.70694 0.0708 0.11126000000000001
3 0.3355714285714286 0.5832200000000001 0.07952857142857143 0.1199
0 0.19730000000000003 0.45768000000000003 0.07881428571428571 0.12184
2 0.20854285714285714 0.22494 0.08725714285714285 0.10592
1 0.41901428571428573 0.32266 0.06175714285714285 0.09818
2 0.6408285714285714 0.29072000000000003 0.0852 0.10318000000000001
3 0.5205142857142857 0.16254 0.08594285714285714 0.11218
2 0.6321285714285715 0.50984 0.04525714285714286 0.05732
0 0.48541428571428574 0.46033999999999997 0.05255714285714286 0.07684
1 0.7604428571428571 0.4055 0.0536 0.082
3 0.6831428571428572 0.6882 0.05518571428571429 0.08126
0 0.5134142857142857 0.76642 0.06807142857142857 0.09194