1 0.3049142857142857 0.41875999999999997 0.043871428571428575 0.06334000000000001
0 0.17472857142857143 0.57894 0.050800000000000005 0.07458
3 0.3270142857142857 0.5427000000000001 0.0473 0.05902
0 0.26142857142857145 0.26548 0.07874285714285714 0.09684000000000001
3 0.46564285714285714 0.11924 0.08197142857142857 0.1262
2 0.6055571428571428 0.2348 0.04412857142857143 0.06306
2 0.46134285714285717 0.4623 0.09745714285714285 0.13186
1 0.7109285714285714 0.29706 0.08929999999999999 0.11884
3 0.6623428571428571 0.46786 0.06251428571428572 0.09858
1 0.5588142857142857 0.6364 0.07347142857142858 0.10596
0 0.7417714285714286 0.6962 0.08394285714285714 0.10882
2 0.34154285714285715 0.6995 0.06281428571428571 0.08662