0 0.4951714285714286 0.1881 0.08834285714285715 0.10740000000000001
1 0.7142999999999999 0.21262 0.045514285714285715 0.06282
3 0.5074428571428571 0.45362 0.09057142857142857 0.10112
1 0.35995714285714286 0.5403 0.07985714285714285 0.12768000000000002
0 0.4984142857142857 0.72634 0.07784285714285714 0.10176
0 0.6838857142857143 0.32966 0.05494285714285715 0.0674
3 0.18394285714285713 0.59002 0.0805 0.11295999999999999
1 0.6704142857142857 0.5139 0.06945714285714286 0.10158
3 0.7858142857142858 0.40272 0.06867142857142858 0.09954
2 0.26981428571428573 0.6951799999999999 0.0515 0.07221999999999999
2 0.7176142857142856 0.66826 0.08321428571428571 0.1261
2 0.30365714285714285 0.32972 0.08864285714285713 0.11172