2 0.39456 0.36567272727272726 0.05824 0.06918181818181818
2 0.597 0.24218181818181816 0.040146666666666664 0.05614545454545455
2 0.4536 0.5324 0.08408 0.11436363636363636
0 0.48944 0.22569090909090908 0.07901333333333332 0.12276363636363635
1 0.3166933333333333 0.21407272727272728 0.09048 0.1181090909090909
3 0.52368 0.38332727272727274 0.060706666666666666 0.071
0 0.6256533333333334 0.4588181818181818 0.05638666666666667 0.07316363636363636
1 0.6287200000000001 0.6688545454545455 0.05706666666666666 0.08029090909090908
3 0.51516 0.7125636363636364 0.09093333333333334 0.10943636363636364
0 0.36090666666666665 0.7184545454545455 0.04614666666666667 0.0654181818181818
1 0.33692 0.6110363636363636 0.07457333333333334 0.09858181818181817
3 0.30884 0.4681272727272728 0.04478666666666667 0.0558