2 0.3407 0.36546 0.10586 0.09282
2 0.43074 0.18524000000000002 0.06912 0.07246
2 0.6893400000000001 0.39618000000000003 0.0519 0.05446
0 0.2909 0.25454 0.047659999999999994 0.04348
1 0.39016 0.28156 0.07226 0.05798
0 0.51206 0.3177 0.05688 0.060840000000000005
1 0.65592 0.29616000000000003 0.09509999999999999 0.07840000000000001
0 0.66722 0.19766 0.0984 0.07994
3 0.5445599999999999 0.22786 0.07182 0.06654
3 0.34152 0.14484 0.06106 0.05336
1 0.48702 0.44839999999999997 0.085 0.08418
3 0.291 0.5114 0.07424 0.06962