2 0.32713333333333333 0.6550545454545454 0.08066666666666666 0.12370909090909092
2 0.6409333333333334 0.437 0.06908 0.08703636363636363
2 0.45905333333333337 0.22014545454545453 0.041093333333333336 0.05514545454545454
3 0.3981733333333333 0.43625454545454545 0.06798666666666667 0.07481818181818181
3 0.6011466666666667 0.17885454545454546 0.04372 0.06319999999999999
0 0.5278133333333334 0.3286363636363636 0.03606666666666667 0.05276363636363636
0 0.3135866666666667 0.26127272727272727 0.08328 0.10045454545454545
1 0.27096 0.4803636363636363 0.05924 0.06767272727272727
1 0.5208133333333334 0.48409090909090907 0.08153333333333333 0.11565454545454545
3 0.47698666666666667 0.6589272727272728 0.08394666666666667 0.14458181818181817
1 0.5845466666666667 0.7364909090909091 0.04410666666666666 0.06038181818181818
0 0.6502266666666667 0.6359818181818182 0.07715999999999999 0.09747272727272727