1 0.19232222222222223 0.748859375 0.07667777777777779 0.11696875
3 0.33245555555555556 0.611796875 0.08724444444444444 0.12356249999999999
0 0.49625555555555556 0.475390625 0.055488888888888886 0.085328125
0 0.18183333333333335 0.47121874999999996 0.08775555555555556 0.1345625
2 0.18994444444444444 0.21595312500000002 0.09382222222222222 0.11821875
1 0.4233444444444444 0.323484375 0.06570000000000001 0.108328125
3 0.5335888888888889 0.1474375 0.09435555555555555 0.12162500000000001
2 0.6629111111111111 0.28904687500000004 0.08727777777777777 0.10968750000000001
1 0.7972666666666667 0.41328125 0.061900000000000004 0.08890624999999999
2 0.6558888888888889 0.529 0.04946666666666667 0.066078125
3 0.7144111111111111 0.725140625 0.06764444444444445 0.091625
0 0.5271888888888889 0.811875 0.07612222222222223 0.10015624999999999