2 0.2915068493150685 0.4426363636363636 0.1116027397260274 0.08698484848484848
0 0.4804931506849315 0.4322575757575758 0.053191780821917806 0.056984848484848485
1 0.6506027397260274 0.4945454545454545 0.07301369863013699 0.07451515151515152
3 0.6308904109589041 0.3591212121212121 0.10701369863013699 0.10266666666666667
3 0.4997260273972603 0.300469696969697 0.04384931506849315 0.04559090909090909
1 0.4066438356164384 0.20257575757575755 0.057123287671232884 0.05763636363636364
3 0.3529041095890411 0.13413636363636364 0.07291780821917808 0.06706060606060606
2 0.4192328767123288 0.0421969696969697 0.033698630136986304 0.04225757575757576
0 0.31475342465753425 0.2997878787878788 0.06426027397260274 0.06803030303030302
1 0.6931369863013699 0.22465151515151516 0.09560273972602741 0.08525757575757577
2 0.6871643835616438 0.10457575757575757 0.06423287671232877 0.06580303030303031
0 0.5514794520547945 0.1429848484848485 0.07476712328767122 0.08678787878787879