2 0.43596666666666667 0.295390625 0.05062222222222223 0.091421875
2 0.595 0.19273437499999999 0.04066666666666667 0.071171875
0 0.298 0.193546875 0.058666666666666666 0.078125
1 0.7696666666666667 0.288046875 0.07333333333333333 0.10671875
3 0.6475444444444444 0.388078125 0.06104444444444444 0.07578125
3 0.42035555555555554 0.467109375 0.07334444444444445 0.107390625
1 0.2613111111111111 0.58409375 0.05062222222222223 0.05846875
3 0.16984444444444446 0.383921875 0.06174444444444444 0.09078125000000001
0 0.19765555555555553 0.7440156250000001 0.045422222222222225 0.066140625
1 0.3988111111111111 0.782609375 0.09512222222222222 0.15531250000000002
2 0.5731222222222222 0.6331875 0.09772222222222222 0.13934375000000002
0 0.7495555555555555 0.6784375 0.09417777777777778 0.12203125