0 0.3312777777777777 0.500109375 0.0873111111111111 0.14025
2 0.5374444444444444 0.41459375 0.07028888888888889 0.10878125000000001
0 0.24988888888888888 0.21459375 0.0567 0.09323437500000001
3 0.3701555555555555 0.25915625000000003 0.06331111111111111 0.085796875
3 0.6572 0.26703125 0.05012222222222222 0.068109375
3 0.4315555555555555 0.715921875 0.07113333333333333 0.11425
2 0.18631111111111112 0.80821875 0.06773333333333334 0.10089062499999998
1 0.6105 0.633046875 0.051055555555555555 0.063296875
2 0.7696222222222222 0.7282968750000001 0.08541111111111112 0.112265625
0 0.7364777777777778 0.460078125 0.04753333333333334 0.07071875
1 0.5363888888888889 0.213328125 0.04925555555555555 0.062
1 0.1757 0.45660937500000004 0.05845555555555555 0.079625