0 0.19561111111111112 0.752921875 0.06760000000000001 0.0848125
0 0.39307777777777775 0.3701875 0.09081111111111112 0.13753125
0 0.9060555555555556 0.35031249999999997 0.050088888888888884 0.0636875
2 0.19106666666666666 0.21965625000000003 0.04638888888888889 0.06375
2 0.6754 0.341078125 0.06352222222222223 0.08499999999999999
2 0.4733777777777778 0.782734375 0.09787777777777779 0.150125
1 0.3355111111111111 0.175625 0.06860000000000001 0.11773437499999999
1 0.6203444444444444 0.549828125 0.09685555555555556 0.127515625
1 0.8193333333333334 0.5093593750000001 0.06451111111111112 0.0891875
3 0.2547111111111111 0.5015468750000001 0.06254444444444444 0.07925
3 0.5238888888888888 0.172078125 0.051411111111111116 0.0651875
3 0.7718555555555555 0.75575 0.11097777777777777 0.130265625