1 0.3687397260273973 0.4103181818181818 0.049219178082191783 0.05225757575757576
3 0.40591780821917806 0.3127878787878788 0.07435616438356164 0.08362121212121212
0 0.2898356164383562 0.2565909090909091 0.07024657534246576 0.06527272727272727
2 0.32424657534246576 0.1769090909090909 0.06294520547945207 0.06192424242424242
1 0.36526027397260274 0.08893939393939394 0.056520547945205474 0.07454545454545455
3 0.5137123287671232 0.06765151515151514 0.03816438356164383 0.03904545454545454
1 0.6586712328767123 0.10166666666666666 0.07346575342465754 0.08815151515151515
0 0.5533835616438356 0.2278939393939394 0.07257534246575342 0.0928939393939394
2 0.7191232876712329 0.23883333333333331 0.09450684931506849 0.10136363636363638
0 0.7112739726027397 0.38999999999999996 0.08238356164383562 0.08657575757575757
3 0.7306164383561644 0.5457121212121212 0.10538356164383562 0.12424242424242424
2 0.5053287671232877 0.5034090909090909 0.046356164383561646 0.0633030303030303