2 0.1779222222222222 0.44765625 0.08801111111111111 0.12957812500000002
2 0.5508888888888889 0.46051562500000004 0.07873333333333334 0.09717187499999999
2 0.7662 0.179203125 0.06435555555555555 0.085375
1 0.3303 0.39303125 0.08601111111111111 0.12790625
1 0.6132555555555556 0.294296875 0.0591 0.084203125
1 0.8058555555555555 0.783671875 0.07018888888888888 0.095953125
0 0.6182888888888889 0.658125 0.047455555555555556 0.05825
3 0.7707444444444445 0.523890625 0.08855555555555555 0.102859375
3 0.41507777777777777 0.70415625 0.09733333333333333 0.16571875
0 0.21557777777777778 0.747359375 0.08005555555555555 0.116359375
0 0.4659444444444445 0.19765625 0.07072222222222221 0.0874375
3 0.15854444444444443 0.22678125 0.04878888888888888 0.05775