3 0.08335616438356165 0.7219696969696969 0.12904109589041096 0.13545454545454547
2 0.48558904109589046 0.7731363636363636 0.06538356164383562 0.06966666666666667
1 0.8010821917808219 0.7290909090909091 0.1059041095890411 0.13510606060606062
0 0.5956986301369863 0.5698030303030303 0.09627397260273973 0.11913636363636362
2 0.7697945205479453 0.43803030303030305 0.0738082191780822 0.07210606060606062
0 0.6934931506849316 0.2798333333333333 0.04197260273972603 0.046075757575757575
3 0.4652465753424658 0.3202121212121212 0.09691780821917809 0.10363636363636365
0 0.29076712328767124 0.33634848484848484 0.04910958904109589 0.052348484848484846
1 0.17160273972602738 0.2328181818181818 0.04543835616438356 0.05075757575757576
2 0.19532876712328767 0.4429545454545455 0.09465753424657533 0.11907575757575758
1 0.4056986301369863 0.5518939393939394 0.1177123287671233 0.12357575757575757
3 0.6188630136986301 0.055363636363636365 0.05105479452054795 0.05315151515151515