1 0.2603013698630137 0.38765151515151514 0.049123287671232876 0.04668181818181818
2 0.2833835616438356 0.22537878787878787 0.08802739726027398 0.08825757575757576
2 0.5662054794520548 0.09742424242424241 0.052931506849315066 0.058545454545454546
1 0.3926712328767123 0.03686363636363636 0.07342465753424658 0.07372727272727272
0 0.34165753424657536 0.1296060606060606 0.07567123287671233 0.06468181818181817
0 0.40817808219178087 0.2963030303030303 0.046356164383561646 0.04457575757575758
3 0.5176027397260274 0.2048030303030303 0.05101369863013699 0.05610606060606061
1 0.543027397260274 0.3078333333333333 0.05058904109589041 0.048318181818181816
0 0.700013698630137 0.25195454545454543 0.07257534246575342 0.07809090909090909
2 0.6361780821917808 0.3764393939393939 0.06641095890410958 0.06831818181818182
3 0.7975616438356165 0.5058484848484849 0.09689041095890412 0.1128181818181818
3 0.43993150684931503 0.477469696969697 0.049479452054794516 0.051560606060606064