2 0.23353424657534244 0.35004545454545455 0.08608219178082192 0.1083030303030303
1 0.29754794520547945 0.16780303030303031 0.05624657534246576 0.06074242424242425
3 0.43369863013698634 0.21478787878787878 0.05889041095890411 0.06274242424242424
1 0.7067808219178083 0.18821212121212122 0.08591780821917808 0.08772727272727272
3 0.656041095890411 0.3572575757575757 0.08242465753424658 0.08827272727272727
2 0.49846575342465754 0.3696969696969697 0.04871232876712329 0.05221212121212122
0 0.7021643835616439 0.48683333333333334 0.07260273972602739 0.07918181818181817
0 0.45486301369863014 0.5845151515151514 0.08083561643835616 0.10354545454545455
3 0.2498219178082192 0.4947424242424242 0.11041095890410958 0.11283333333333333
1 0.6115753424657534 0.7630606060606061 0.08235616438356164 0.09851515151515151
2 0.8207260273972603 0.7440151515151515 0.1120958904109589 0.13403030303030303
0 0.1333013698630137 0.7307272727272727 0.12202739726027396 0.14681818181818182