1 0.26998 0.5360428571428572 0.06292 0.07624285714285714
3 0.40356000000000003 0.4884 0.07248 0.0854142857142857
0 0.31477999999999995 0.2956714285714286 0.08862 0.11318571428571429
2 0.46838 0.24955714285714287 0.04134 0.05671428571428572
3 0.61688 0.20120000000000002 0.04316 0.07107142857142858
0 0.5407799999999999 0.36474285714285715 0.03854 0.06212857142857143
2 0.65946 0.4866285714285714 0.07297 0.09412857142857142
1 0.53419 0.5409857142857143 0.08598 0.12660000000000002
3 0.48938 0.7327714285714286 0.09190999999999999 0.1619
2 0.32993 0.729 0.08664 0.1364857142857143
1 0.6018 0.8200714285714285 0.04859 0.06918571428571428
0 0.66992 0.7083 0.08467 0.11107142857142857