1 0.1711888888888889 0.6150781249999999 0.0837 0.12151562499999999
2 0.3209444444444445 0.648859375 0.06583333333333333 0.089921875
3 0.5164222222222222 0.6589375000000001 0.08684444444444445 0.138296875
1 0.7082111111111111 0.6800625 0.05215555555555555 0.069453125
0 0.8614777777777778 0.67346875 0.05528888888888889 0.083625
2 0.5050888888888889 0.3668125 0.09359999999999999 0.14521875
3 0.6740666666666666 0.366328125 0.053200000000000004 0.07528125
2 0.8247444444444444 0.3875 0.051888888888888894 0.063453125
3 0.2485222222222222 0.3151875 0.06602222222222222 0.09025
0 0.34476666666666667 0.148078125 0.08964444444444446 0.132421875
0 0.5892888888888889 0.106203125 0.09104444444444444 0.12846875
1 0.7838666666666667 0.12628124999999998 0.08502222222222222 0.09964062500000001