0 0.1127888888888889 0.64403125 0.08966666666666667 0.10979687499999999
2 0.26632222222222224 0.691984375 0.05726666666666667 0.0813125
0 0.3690888888888889 0.474125 0.06163333333333333 0.078296875
1 0.23197777777777778 0.327875 0.06794444444444445 0.08534375
3 0.15 0.12840625 0.09943333333333333 0.131421875
2 0.31147777777777774 0.12465625 0.07363333333333333 0.111109375
1 0.4531222222222222 0.113109375 0.05087777777777778 0.06434375
0 0.6827888888888889 0.112890625 0.09457777777777779 0.13296875
2 0.5404111111111111 0.340921875 0.0931 0.1384375
3 0.7521222222222221 0.46240625 0.0949 0.11781250000000001
1 0.6865111111111111 0.6915312499999999 0.10094444444444443 0.136234375
3 0.4811666666666667 0.658734375 0.047466666666666664 0.072515625