1 0.31733999999999996 0.23934285714285713 0.09519 0.1271142857142857
0 0.50152 0.2581 0.07636 0.12797142857142857
2 0.61285 0.2757 0.04249 0.05897142857142857
3 0.53599 0.42772857142857146 0.05712 0.07328571428571429
2 0.40001 0.41212857142857146 0.05852 0.0753
3 0.30913 0.5209142857142857 0.044289999999999996 0.056971428571428576
2 0.46434 0.5956428571428571 0.08857999999999999 0.12854285714285715
1 0.33988999999999997 0.6791 0.07936 0.11108571428571429
0 0.36685 0.7987714285714286 0.04589 0.07558571428571428
3 0.53058 0.7946142857142857 0.09279000000000001 0.12224285714285714
1 0.64852 0.7446571428571428 0.06173 0.09218571428571429
0 0.6432100000000001 0.5117571428571429 0.05752 0.08102857142857142