0 0.33693 0.27914285714285714 0.07265 0.10350000000000001
1 0.46942 0.28450000000000003 0.05858 0.10102857142857143
2 0.4805 0.1646142857142857 0.056850000000000005 0.07818571428571428
3 0.62348 0.2946857142857143 0.09770000000000001 0.12689999999999999
2 0.70547 0.4149857142857143 0.04355 0.06358571428571429
0 0.6005499999999999 0.4743142857142857 0.04259 0.060014285714285714
1 0.45015 0.47900000000000004 0.10637 0.12552857142857143
0 0.36708999999999997 0.5574571428571429 0.09211 0.12498571428571428
3 0.59216 0.6624714285714286 0.09211 0.1225
1 0.6757000000000001 0.5520857142857143 0.05415 0.0658
2 0.46209 0.8877857142857144 0.08941 0.1459
3 0.31727999999999995 0.788 0.06648 0.08615714285714286