2 0.13246575342465755 0.710590909090909 0.12034246575342465 0.14281818181818182
2 0.4449178082191781 0.493030303030303 0.06664383561643836 0.07833333333333334
2 0.5998219178082191 0.32621212121212123 0.06261643835616439 0.07059090909090909
1 0.3761369863013698 0.3498939393939394 0.08095890410958904 0.079
0 0.23967123287671235 0.45239393939393935 0.06913698630136986 0.071
0 0.35739726027397256 0.13174242424242424 0.08215068493150685 0.08666666666666667
3 0.5373698630136986 0.15904545454545455 0.055506849315068496 0.0575
1 0.6924520547945205 0.4463636363636364 0.046493150684931504 0.061242424242424244
3 0.6007123287671232 0.5459696969696969 0.05315068493150685 0.05416666666666667
3 0.8189452054794522 0.6523636363636364 0.1228904109589041 0.12712121212121213
0 0.6262465753424657 0.7010151515151516 0.06775342465753424 0.09015151515151515
1 0.39516438356164385 0.736 0.1277123287671233 0.1352121212121212