0 0.16156164383561644 0.49177272727272725 0.09627397260273973 0.08934848484848484
1 0.20795890410958903 0.669469696969697 0.08226027397260273 0.11286363636363636
2 0.4117260273972603 0.7761363636363636 0.0980958904109589 0.11542424242424243
1 0.549054794520548 0.6244242424242424 0.0647945205479452 0.05853030303030304
0 0.6448356164383562 0.7290909090909091 0.05720547945205479 0.07384848484848486
3 0.8711780821917808 0.7422121212121212 0.06412328767123288 0.0723939393939394
3 0.7756438356164383 0.5461969696969697 0.06297260273972602 0.060348484848484846
0 0.6778082191780822 0.3748030303030303 0.08556164383561644 0.09025757575757576
3 0.44164383561643833 0.3894848484848485 0.08143835616438357 0.08168181818181817
2 0.4326712328767124 0.5093636363636364 0.054123287671232874 0.05740909090909091
2 0.2864794520547945 0.21663636363636363 0.06526027397260274 0.08153030303030304
1 0.6803835616438356 0.20936363636363636 0.06557534246575342 0.05383333333333334