1 0.21076666666666666 0.2011875 0.09992222222222223 0.1404375
1 0.5178222222222223 0.449 0.06756666666666666 0.08495312499999999
1 0.7395333333333334 0.76640625 0.09886666666666667 0.14871875
2 0.13955555555555554 0.7515 0.07063333333333334 0.09334375
2 0.7102444444444445 0.19125 0.09886666666666667 0.126234375
2 0.4370222222222222 0.32475 0.0494 0.0750625
0 0.37237777777777775 0.74509375 0.09182222222222222 0.14021875
0 0.754688888888889 0.504390625 0.08472222222222223 0.10765625000000001
0 0.34459999999999996 0.504390625 0.06860000000000001 0.09912499999999999
3 0.2127888888888889 0.3900625 0.0979 0.16025
3 0.6026666666666667 0.26437499999999997 0.045344444444444444 0.073671875
3 0.5728777777777778 0.6414375 0.08272222222222222 0.10901562499999999