2 0.26087777777777776 0.730609375 0.05608888888888888 0.074171875
0 0.5118222222222222 0.765796875 0.0835111111111111 0.110390625
2 0.7513222222222223 0.70275 0.08947777777777778 0.139359375
1 0.6971333333333333 0.534828125 0.0768888888888889 0.11174999999999999
3 0.8270555555555555 0.40737500000000004 0.08067777777777778 0.107078125
0 0.7122777777777777 0.3286875 0.059388888888888894 0.069515625
3 0.5211333333333333 0.46712499999999996 0.09615555555555556 0.108078125
1 0.3603111111111111 0.56196875 0.08782222222222223 0.142015625
2 0.2962222222222222 0.33182812500000003 0.09535555555555555 0.12771875
0 0.5050777777777777 0.174421875 0.09322222222222223 0.11640625
1 0.7465111111111111 0.199671875 0.04858888888888888 0.066953125
3 0.16684444444444443 0.6192656249999999 0.09064444444444444 0.12803124999999999