0 0.30246575342465754 0.21153030303030304 0.044931506849315066 0.05036363636363637
3 0.347986301369863 0.09306060606060607 0.05897260273972602 0.05745454545454546
2 0.4346438356164384 0.1389848484848485 0.06538356164383562 0.07653030303030303
3 0.5441506849315069 0.1826969696969697 0.0702054794520548 0.06987878787878787
0 0.6628904109589041 0.1513030303030303 0.09506849315068494 0.08518181818181818
1 0.6533698630136986 0.2567878787878788 0.09206849315068492 0.08142424242424243
2 0.6873561643835616 0.36072727272727273 0.048534246575342464 0.05678787878787878
0 0.5154657534246576 0.27886363636363637 0.05375342465753425 0.06522727272727272
1 0.39743835616438355 0.23915151515151517 0.0703972602739726 0.05768181818181818
2 0.3497945205479452 0.3283333333333333 0.09868493150684933 0.09583333333333334
1 0.4938082191780822 0.4165151515151515 0.08424657534246575 0.08763636363636364
1 0.30778082191780826 0.48284848484848486 0.0716027397260274 0.07298484848484849