3 0.31972 0.2729714285714286 0.07544 0.1204857142857143
2 0.45273 0.21495714285714285 0.08120999999999999 0.11648571428571429
0 0.6068300000000001 0.19731428571428572 0.09026999999999999 0.12824285714285713
1 0.6592899999999999 0.3526142857142857 0.0845 0.11224285714285713
2 0.55898 0.3939142857142857 0.04266 0.06494285714285715
3 0.43707999999999997 0.39897142857142853 0.08220000000000001 0.12212857142857142
3 0.30687000000000003 0.5171 0.04052 0.06282857142857143
0 0.45627 0.5946428571428571 0.05139 0.06541428571428572
0 0.64842 0.5792285714285714 0.07659 0.0986
1 0.54349 0.6918285714285713 0.04332 0.06588571428571428
2 0.49045 0.8570142857142856 0.07956 0.11577142857142858
2 0.29007 0.7863 0.08467 0.11648571428571429