2 0.4708555555555555 0.475984375 0.10494444444444445 0.144578125
2 0.34055555555555556 0.735875 0.06860000000000001 0.09618750000000001
2 0.6248888888888888 0.22675 0.04332222222222223 0.066578125
3 0.32187777777777776 0.566171875 0.05344444444444445 0.06643750000000001
3 0.4738888888888889 0.097515625 0.09081111111111112 0.13764062500000002
3 0.6935777777777778 0.483796875 0.07362222222222223 0.109078125
1 0.30015555555555556 0.429125 0.04637777777777778 0.06790625
1 0.5784222222222223 0.667703125 0.07767777777777778 0.1189375
1 0.7425666666666666 0.29634375 0.09886666666666667 0.13187500000000002
0 0.15572222222222223 0.6073593749999999 0.052455555555555554 0.080625
0 0.7789222222222222 0.735875 0.08876666666666666 0.12175
0 0.2511666666666667 0.26154687499999996 0.08375555555555556 0.10206249999999999